gpt_topk=0.001
gpt_ga=0.014083333333333333
qmst=0.4790833333333333
qmst_ga=0.40741666666666665
gold_label=0.7519166666666667